639894014,516641929,727091325,759201703,1027306351,455343590,361314948,1072255176,884766041,695579292,873267218,731802847,398939895,1050727892,895397741,556073427,1005433440,531005724,366888662,869163954,263922206,1005164226,171800639,934343490,374300718,975434983,


705854974,1054699194,750256623,653427378,258562170,839461513,479249071,925378195,409543181,953957631,1200081532,457308463,668369491,1197948546,1307359268,544893071,951323777,1157232172,941614979,707115215,1052548125,420329002,1215889476,857114581,476652184,765882521,


1035271681,510796618,499198965,603708262,1087494274,1203496856,504169125,1321606240,754476474,1005441591,823669058,1204760058,1008132717,1161721410,598121805,670104361,1161064974,1214329476,486741206,209913864,1045696180,383668065,709231648,664261163,964012259,1165238598,


365429502,701529740,550940991,1039937275,339181414,1255151308,853392759,865458205,744349625,1093158840,372401860,1180915222,1023047768,885128055,447289674,455246667,228186616,1275628264,891547877,320055843,1290839114,783051361,1199684230,718608152,225970090,710259329,


489520127,766541162,868548825,627009920,502490274,979553970,1249921406,382448089,618370483,1222538438,638958905,731677401,649522920,1080133882,905147945,605838558,935411526,1213882770,645633000,885461189,298255354,748899008,482354715,1190933448,984785392,806163226,


975798271,1018433202,524858696,1211110578,777492322,1035032948,995840401,1044693699,982461972,1398614714,973837420,1227589458,366722687,797280662,1125304582,1206049462,675937957,908334617,214062341,857984798,1113890200,946765374,1039494788,310820131,297566661,984783229,


1057522430,336235502,917034909,941862825,514229000,1211867034,1293535902,431178661,366187828,1025871140,621443987,622911484,355819783,811452609,739749802,969216309,902121636,399410094,1070307031,163927441,796573102,462130341,1104072528,1354023570,616283452,1181489786,


375423743,783274169,865003077,899055396,1086719314,1082262546,1292814856,827127537,741359411,344520563,518570257,1047365888,748775777,547668349,1233921806,517208249,1017173136,627451201,1057515364,1059634279,320093633,711106639,935938063,940486537,1151172614,1136419036,


603194367,588110266,949013312,758243945,935878156,431070959,1276824724,1142207022,514641101,877051148,1046377178,968044559,718665169,156658773,1289080064,475647815,720382761,1025493419,1189427642,658214475,726942821,585975180,747673716,1137628958,1061135745,270053666,


934413055,620126145,1052792115,997097520,849561439,865445976,733203259,564126092,1043395069,607265091,972233368,1062625195,201722746,937883775,742932586,234100032,963478641,887115495,845094529,1235623916,1102731572,823890575,240173448,1127912662,1107424134,1389810816,


456622078,1050926326,668473841,914870469,512903239,470747382,1345751518,563709221,526918133,875393262,478811025,742168964,1070176888,1027275704,558823001,441514473,1301066832,1048054550,826540595,598516775,1229099066,539676207,758277196,822101260,1049582735,924180528,


513932798,647017051,1024537322,1172906982,866229713,850743326,601101755,790757512,1166524558,804816093,283043936,459298698,918701257,846623501,1307233568,847975838,1188172830,1021638693,793404271,1206178458,1121710878,936795704,635244235,946365530,606763336,1293045674,


429096446,412709062,503941537,601483943,1146593312,453618992,283664254,905426854,809794927,1290344474,1296057812,539837155,502936004,786962744,651964568,989346669,1118410270,270979801,926687619,394655171,648413273,952649098,398351340,1185300726,1014080528,681301097,


862649854,1463665046,673971507,390571314,564261988,1099595634,742643946,757999619,758086767,626674785,949457720,1215614268,1168727506,1015104355,824469302,805046484,289876392,101125116,1349371290,538009893,367747542,1084172136,782400862,810728253,456793934,929551185,


603880447,503138951,1082077730,1027556711,439999581,822560631,701847473,1053088874,618745897,742680757,846203277,764819989,929985352,937349266,382170204,699563242,1100964052,1066852611,405620583,1370129008,1232832198,875667840,906186062,915982500,1189490500,657694869,


589823486,815366041,1352138812,828207294,1055655709,816978675,785522425,628685054,892335666,635666043,968109094,577527011,408136556,1086024516,546311567,1236528486,1226168632,385410933,258164929,494346104,590485628,430778536,714102195,845936700,1260172712,891398094,


596245503,523780063,374750804,516270910,824776036,595051396,366806634,896707049,38379512,193910586,1407727706,594281264,1094444582,577916870,1129493196,447897781,839857429,1020672000,951641009,891370534,139089279,342761726,996785845,651603620,918644923,1305386386,


203981307,740250286,1113051896,1012667473,971684270,1062795609,745222308,809889928,989762735,1107458862,702790803,258384492,117072511,367769182,1031761583,996465048,1440808972,795318506,1165145310,1001989061,981738475,296459446,550990115,644897515,982395025,649221944,


534282751,626080464,483828700,1117513780,1109093788,226891499,1074960120,1214814290,965744906,619479616,431741022,460451183,684146082,792958826,566154070,567188518,609355707,888542597,996229943,256915363,1148151414,1164439140,623219219,740764236,450989311,344785929,


1059126528,265382069,1164165506,913462419,981030057,1006273870,579258807,910965829,591381196,887893373,787417937,840643986,164535688,944816021,43493740,691088337,427777692,591177362,1066816450,706631028,1147891654,996096338,1114996660,392528417,710447290,1020642641,


482836989,1127500668,1282779494,880377398,585931287,415786048,780992901,785663268,801852410,668384437,426850163,1176164838,941742335,604707877,1008791981,588252933,746443223,640889594,472704176,816153168,1242857978,796568822,136142747,599475514,305157509,701913844,


561447678,1342951336,397074176,478183285,881955959,72570652,943697669,1100160938,629881689,1023093593,717781441,1042378577,1056787811,892679897,797259992,584311279,909699944,1147233580,1187351924,1101763910,850727430,845901721,320732210,843569375,537414064,538979552,


1008402429,164131696,187052671,584533727,420334798,263118812,1088854814,1021510870,1025486124,855575977,936395188,339792300,876215521,1378464620,897736061,1075200426,919275139,384301860,1183554450,816554611,1237185318,939807339,754502450,797090723,1003131183,1051620670,


1067645949,861730767,691655881,783398108,734239752,930729295,722836910,1049249566,826003739,1281396532,840848905,1312623156,1153962616,426654641,732538333,530085958,861239011,366174305,916201615,470591783,748840078,589590556,900403442,1140422484,1277459270,989433991,


516521982,188631786,809856276,906632955,769725086,1382956022,694939818,1326653054,343517748,582535984,737088046,896524397,919894990,1342160954,1283904682,183942005,985229713,1065833581,1255372448,713667776,1100440868,563873497,676110220,1066160896,757108863,1163067448,


260668671,394976493,648753979,349704130,1265656376,1257023378,479562807,1186351144,1363494580,492378791,830794572,382276437,1114093212,896753990,774137591,520752070,809928454,1212098520,760595877,989909381,793379812,1012652971,895213783,1150903358,408038556,520403919,


1055227391,728160368,267205365,1037261065,375575966,1184549270,770513278,1272676738,1163742138,836783225,790374191,368137625,749646581,861451310,1144329826,1104587746,654317135,1073465313,605793843,1273207976,632257869,870766672,480227042,482798557,959367375,1015063181,


32505327,114246909,1173487996,717834753,994974159,297403201,1021199382,1045192857,326723567,663722598,1267756080,501852535,1202733458,505141014,681818155,582932041,677781130,1074329680,1145206708,1041460207,932014544,804777761,682339828,751748964,289363185,429884199,


66387191,467269311,934203392,250447995,1012032958,682110278,1040386420,780251064,1091582722,408310488,486295530,771955931,1278626276,793714013,765588641,638991686,990420712,673576607,886405711,783549304,605388078,1144867478,1067391625,253904830,768859803,1227689082,


191561470,1356860436,700427444,725376213,979959930,1348888906,398160795,766915335,662667777,1013422024,1043320335,1157665832,592354005,350920845,170548887,1156721176,554889074,497932449,749682678,851795067,116919796,1196168246,1215129518,955656021,1387832898,785853380,


474349053,751886435,390995616,990235756,871814151,637548072,907110072,1030237796,1304434912,962090133,736523612,466155174,903655630,986317842,1173324436,1084351128,1414222930,813589985,1076813714,673704663,1275021844,636385727,827152308,966884796,1215594402,540652992,


602242302,461314249,1018227305,1136695470,990662122,1329703094,1121918504,1117087224,1108031330,1014672741,1129119704,942207673,1001444053,1410618106,459441340,1057535313,761533665,590643683,824979067,1079356376,1224328730,555457741,954849537,1017640836,789056234,1278560338,


291144703,1290507838,630806534,1257349584,19903478,498635375,839976309,1230838446,729598369,553355775,761552073,407208651,1173824934,861901626,521684043,536562144,822673275,1192727476,1167466450,805255496,1000796815,902614193,1032247942,1114591988,957135861,621407512,


949846784,1049168615,1110280256,741322526,940925159,1051552459,626336542,369743726,404513159,618183570,137355466,1178895634,992273965,660511162,652308923,672474914,119819497,1029317546,1298776272,922527103,1344748364,1073902636,195660008,163960214,905990527,812910825,


334888959,1390643498,804398227,204566884,331578620,933763571,1087377236,787887650,584827924,1272230370,306234444,947274178,984257293,367278920,1236816516,580064406,1004890576,1040250780,399703868,947118376,1316359926,891032931,420669723,908863004,329499584,662403775,


248642814,641817464,931803721,1014636317,703213045,1107104022,1141752912,1114066648,648327953,556898868,445972255,1104516026,737236881,926912918,855439339,813800831,1066631728,971833326,902678019,1025062085,672192346,319461512,695761341,694035067,617572513,1038799948,


685309182,910191581,310871886,924982464,850401838,1205273820,1160541812,600653636,940509393,667057351,983957754,894092911,366920753,1165307810,891726280,1038783199,850658757,972287716,855547466,1033314521,280761053,1007604785,1029476910,375663062,969883650,697218388,


572227070,1064542812,651256852,1051149942,903802624,826050834,665109951,611341854,1079255034,718293782,946651926,1454608096,1216244490,453618718,1027681155,511319214,1133810788,1079936268,611687160,428199328,755225375,424259979,1089297370,333995587,1024936564,1339305634,


1059945471,703305307,881650078,486289612,1054810313,1190612086,495746741,666794784,545774992,747250272,262959886,648083754,1106063414,1066149591,395406990,845471387,1014104212,172662623,614614372,498289004,793537656,712172891,1118708872,154887802,624003160,864764924,


490699774,740286539,823908355,766913470,1154134684,1259794046,678120190,561121122,289227983,977216644,870731871,954515443,1037305889,595520376,833431487,294989769,1179316856,432949441,678429855,989660163,126962202,647972207,466692281,960654620,365910303,853400365,


922615295,131611985,423000455,668649334,976114452,243367678,1279858732,690385606,1265828360,686344235,1052855435,1105057668,697270723,1156086670,1122181414,1250594730,1268981114,982201704,1183022904,909447053,557690168,897103799,906202082,527141586,960845034,791382953,


383614206,337954645,561211555,717415107,649756554,413067356,1021599196,1308770530,964049110,819372050,1121786262,982071763,958179647,671053561,962581438,763568969,958116847,1224356974,567709520,1373278556,1328755988,923670794,1177033944,1006085137,372196230,1316404526,


97811958,869556781,755143552,656393477,1145942300,210923092,753877826,625287896,962492027,954894526,1254874068,536731125,1179796090,1121581294,178676070,983386873,1030216060,1083158744,785578904,72884046,632430913,171031633,576597662,967146451,1041859347,562335473,


352877564,1061378180,934329940,779748562,885229540,559860767,1060312660,1066570339,865436904,930806433,1044664645,995782260,111680237,367795748,1052209350,745647888,735071355,845517482,330711539,879836156,688527897,690961866,1103377230,830568638,1186967900,97270007,


838763006,387561139,529826354,1100915382,584000857,482842270,1188275200,458146358,942095397,1011886787,788321032,861208951,1137117392,706528423,292653086,1481402840,817144907,962941265,840909188,912102276,1183877736,976163057,211363338,526220168,870396393,528868715,


991657470,1015395755,416121382,814114345,1411236824,913957579,759222562,344570753,1051725442,988557624,746909981,367095591,938930506,1066632135,537543930,1024692180,900489023,768099672,496949261,443506639,742476592,838327747,1249783154,1125018604,1012572279,926101173,


437353981,760001088,705946978,383718353,898656925,229638045,1067168776,683460506,1067366224,461012496,1132054206,331123151,497831163,323709929,596263774,1152600004,1120788796,255133470,1419628644,323315096,757608799,398449022,1368800958,834507229,843955612,1084720162,


785285631,976095765,1363232298,705473409,1039880115,1207464064,262096306,1087467316,411957273,340913890,1043216322,439888174,669807096,864796503,1186935322,902315675,843888037,843358750,1012249257,793078651,495307400,216351607,1151072282,760224191,846060305,1199592454,


320798207,1225164934,523630593,1012505699,933780220,32798198,482674866,589297285,813498496,295725577,679209180,1234563098,1139997710,1360680796,666023422,579737192,1154133930,912584152,508259593,989959761,1209871972,881545956,1153265226,1319395282,664775337,1295834094,


828701950,770491170,1080766114,1168002690,641574898,1300445038,1105480828,599831406,1303923856,708688163,997917019,871673656,1066287613,1016582960,636491004,712268816,1260780402,491614885,996467721,1032188182,437551370,827590283,1057876252,645020147,924864246,650887101,


625147134,1087226674,119884781,801444989,871792383,685724462,467098800,1276527048,621938430,997939096,626375603,890490601,1296144374,1050767462,526474346,488755457,853703602,648067537,871577530,1094220024,840501173,1042617728,432497102,587690449,532132959,944135632,


421298941,908610290,841634516,824138893,1012473086,733560071,570162098,1203302292,1177916540,737565920,96003932,1300572044,929478192,1136299616,889453642,602967468,941549212,693018422,488181704,972320974,710138494,1074066648,1119526964,179412930,523866791,957649869,


24248807,779318979,911158305,1210307966,820184207,906980437,734449765,811017902,656595194,726449943,1363588542,409200240,761586418,1078867088,813709364,1096500952,813841533,355643438,1411552878,775507489,1062776787,299766124,795625510,517658963,1015460693,653046285,


491420669,1067188817,1037466773,1337126808,1000583778,1187469464,1133278534,1274831244,1013559131,986004972,1277164264,1353956196,507939102,619729055,1057638399,1078800268,765132730,350024923,1254132526,308826566,168713570,680221131,832213947,1154478840,1262558536,1191612818,


121603067,1087001356,128050141,1038298001,816037627,925214069,1344630264,977269730,930353899,1278665982,655290810,1175292894,275856352,793269718,1306775148,571193479,1259165760,625317017,1190627486,829988896,1110941638,1118161548,901573970,1006363265,907060847,277843475,


151780604,707708130,1200658714,514766886,628249080,441868819,831079482,974584396,1005583755,490534712,1323866120,970833772,670816329,1271256876,897705017,432425256,1244507230,632798381,384506690,479449679,948304331,1046877382,796712496,333771036,595697752,952714583,


983039,1195219328,909386352,724414754,402875685,773618659,1294770216,316662675,977913095,298834933,1086050402,1280717018,299106717,805552219,936427760,1239497452,584172291,1275673466,564394164,916601249,727273367,1383260354,544564885,802675194,545276846,284200776,


801603072,1001541820,597532178,1222321744,1339826020,602262495,471461556,969941221,825985026,263474151,1155903194,987039898,402652730,1028920360,562537201,853006787,713695943,1324006910,491513156,371032768,1000387537,999317559,552314332,531652179,705917865,1250854754,


177798654,811070726,841626020,711337273,309662551,620272642,473380353,813126139,407410707,213703686,1434813938,444278617,1278123224,877862080,912846737,952448029,724463293,881677043,465702675,997512846,638850278,1220451678,237787945,867154984,1047802101,969296716,


903217662,876651988,362644274,361418708,1099011946,684068287,896159710,310961268,857936642,971457565,844664321,668069081,873081462,222114730,1119331982,463045321,1237383684,653886394,1169258650,1185149326,1295647378,619488109,1331265776,644933835,510675923,1066135012,


60916478,1082084290,1061242835,665022695,1094850152,991029591,1036486158,1061177596,297417903,535970881,944369571,951836893,958081259,1082755044,226582548,752177083,105513753,620432389,1199250192,874464038,719868364,1375211520,680397671,942346764,402554254,976057106,


783942399,596596075,1459660746,611281522,1339197900,608669062,828403042,1191032060,823137852,1172834760,389808367,561355448,1128060232,1082274260,1260900750,998921335,1140094390,1200471178,1155138548,1036152289,148397643,1046791346,626516234,1189345916,333970841,322193212,


339869696,1117034926,369372541,975195934,922622379,1008243688,279284041,886553004,1093920220,272495547,987930015,1107050758,552951212,1218877892,932438918,863959951,958442311,1124730054,838699337,930478223,941920770,968816606,646367894,906324304,800018848,797416164,


526123774,639836109,388617629,950787511,278766614,776305715,1197845480,615870565,1008092125,887264616,836994989,1127913122,707799219,1027769674,586263267,914091263,794525513,707281021,1081900144,933494483,457248417,1108109990,395532846,461690111,1039867503,1057893540,


930939647,855271233,464397859,1042131680,1219318730,821866197,787203280,193539763,332876272,902846686,1047231329,860866579,649863636,865142896,643324035,936300132,936514512,1105586360,1045428607,1254600986,611298999,1184909202,785922616,1147239764,473664145,428968895,


570032127,799840055,598953425,634639301,1067252763,676390465,776779418,581180669,131530156,660236145,676308914,80739979,623960732,990755906,740371398,883281230,1049568321,1133896284,1324959810,428619609,443646449,632683824,336619761,479444530,1311642352,1270944448,


875461630,927313935,936125702,538393796,138287754,719471269,675120464,1115924658,1007211501,1283054700,1197463758,1032883717,259431124,829196984,552862415,70799448,192170175,1020480375,1077792702,1225172840,986235586,741513725,1273363960,741077076,147055497,348908961,


242613758,1263844412,681599610,1042114920,858813869,829496940,527455346,529517575,543347435,918083182,1009923210,1068140747,1129920364,620000913,837416645,1289210596,391268237,831677681,1187529702,1345782056,1071716238,990383724,1114635424,1103339820,1220088462,1181641396,


608240638,610043041,664252087,1194107608,1287352032,1156916004,1100438102,1021631538,1184928442,792998527,642732022,960493720,561190671,247944774,189377149,867875843,289645284,335760806,839368950,902642067,980860124,917707301,607899034,766192649,830962446,1154612584,


991067391,657716118,787808825,1064930956,1102511862,797826671,402723039,1275484558,996270913,1226735134,1211087618,350056692,1028140002,668024268,755496988,314270164,841841306,944727315,1308588052,1005545493,1086624182,1055877429,1036327438,443344592,1128621072,632762278,


171049468,1301227694,1095094502,449867085,1304009452,232883322,1033400216,1265857344,857764572,966986771,1247239570,917883201,1055337743,1209247944,984844693,617432336,1082305192,919996656,1303604420,1298357934,1250890404,975853539,823954628,551957195,405878133,970303780,


431848701,467967948,1082807994,839607086,804515845,900743730,135344200,1032591402,691678577,1249145476,1174166356,406494598,788481093,999282899,1083932480,901070032,1095948956,779752826,1057207825,983023657,871406949,1148730466,345936920,868428273,357590078,849568964,


979862015,302712482,664622157,990996836,1013305331,376884732,321154662,1216358804,922881706,549783754,442908186,647488949,986500785,1088772314,496323648,967661553,256307307,1075790064,725022335,1281346144,860487986,930773100,565294099,595586141,631095267,1040333900,


464485631,871684161,1090554974,1134400332,940450795,927355223,1187154936,883849396,1156460528,735657300,1126651248,654022833,545660239,1010624165,550638254,983099615,971404630,529495583,603901961,1026557217,923455443,667521978,861241314,645930804,1038326199,821451653,


1030947328,1168753248,455231859,850278805,902447963,1254185116,1289781424,988102907,1015889540,515022079,990072852,924151644,956450207,1161884492,758354169,1217934238,1098435584,636645367,1067436833,803840560,954322254,386865408,1318405180,667448423,1030009868,60266596,


971046396,342488304,918226729,765349317,1002822709,394709226,1257905682,962073273,713656265,864825460,642288506,879975975,909498813,281014707,868520151,1226925672,624226254,1336142502,842278649,833161964,465672264,974804654,1367793272,716864553,840633536,785743833,


660929534,1035507019,490311445,967633216,813183317,768845819,803406275,707288328,827418096,966513501,798100492,1369750256,1183270280,831719682,626307241,1067256180,1012342641,282002664,1118171972,1072255749,225026828,1116017478,820066885,234223743,1235716632,1284776974,


251658239,908777391,613302478,1239803774,879586321,756493574,1176748880,209306943,1117762676,837022454,1248155508,915939830,1150442946,657940689,243613792,1006921446,972757205,923909982,654395691,813421276,1033349598,859241317,964048237,1011049729,844942369,581091408,


625836543,1279175564,882055740,1218375036,123346186,1030055174,165112785,989198184,1372665888,1143695294,1012813768,1375603702,913559534,834857686,1187944660,1030623571,781941769,1375951504,529475643,460881997,901364066,235050955,660645004,880942648,646444185,649990776,


486932991,852853550,570678923,1034997694,1445096018,776284498,595422696,1120382176,1144472750,454984038,391042948,431022682,755482176,627624430,900445174,343755055,343259156,674751320,1104502588,802541374,623139202,885322162,694677751,1225231868,698597222,713143333,


682654718,821651506,529091757,975624838,902385865,495276729,174635831,681335954,1087088936,733467445,495215315,479276637,1018168467,1143728692,479540328,953828950,1205709618,581735870,439907249,1179302872,1453748510,1180795416,1114349584,269339198,663059893,1174472306,


339049724,978263704,1312799934,712592569,846915358,609940791,1037257834,696447609,291076308,1029962414,581317726,624996118,1399268340,457878624,854217111,93525635,869206499,506341299,1041563538,921477920,847661105,897251286,939339071,868989936,488481595,223823838,


410779648,974312574,762753514,345765433,727138523,682975579,258321032,476664929,979478960,937023079,725234938,967028305,559920433,963092402,773842102,1128920106,836647344,191664219,805807371,706505767,763630410,516517649,942824429,521326004,1059053031,970435451,


912491006,1319505542,1285617508,693078955,534410626,965519288,1008101356,1122330536,1005889872,1099933764,886258409,899562630,852251480,896015082,1148515986,763548862,904897807,304520461,1198801730,967042596,802345322,454616161,1228222332,897307845,749629032,1151915784,


1055392256,268977884,1325342522,1263974320,738591560,1049387503,440824365,671647596,251534736,854580895,824434371,543682827,922886793,408629002,974147044,1018339159,985015343,1370705310,1168248380,1153335460,917269220,1111779746,778431653,998496167,700322264,1233994088,


317750780,177576264,1147159994,659164980,1037378835,610589325,1014936474,902779250,819372244,936771124,1002845378,1140675696,1047644157,472293600,484077259,1162333170,1046940045,598698566,890195512,1025749493,968606085,1014199780,617875435,1085609052,145615535,525786594,


162857724,741618630,982135326,1146515172,657215288,705746534,906090388,404751152,1223308868,991559659,622537566,555733869,688128867,719585727,387982009,1125873486,1120451868,821790829,1345973202,864500418,1099198762,939841235,1060173784,1177113616,1433344744,1198417292,


913374718,756491677,577007894,779613175,615927862,813961713,591464656,1119772644,955813828,644418885,624370557,590620421,1069306890,755040566,1324833094,897002758,436009131,1170238808,1258164686,558498390,708226389,616978108,1104237544,972113128,474257005,593921213,


123862268,416168742,740470661,1198020874,896670789,1399044794,1004119110,846517406,1173995756,1132654240,1018400127,1458603088,1179380164,1036655822,316483501,1180125188,1038911817,591762833,980511981,765063306,689159055,146811062,592079570,818280542,559499948,1016698592,


789873150,1262198480,1099997656,454660134,1113249214,1056592820,1096256050,938343271,1119126440,688482071,542851987,1042949105,884440058,1032018631,1350422810,896102158,1124774288,1132798376,1078296136,701413939,840572169,754647941,778139592,446028449,246790960,345470473,


380829695,1308511440,913106753,1043416731,1184648720,1144143204,992400924,847099228,1110422348,1032001886,472479248,934157959,716048218,571979662,799630749,708206513,980879052,852784549,999653787,939078896,928767702,714627351,1122331612,1197718530,1293620280,996392782,


50725372,958192664,874164818,1374150138,796847884,470554358,1137650424,888805640,836274922,614074603,523535923,1349128202,844403535,920951427,1000965714,1008361777,686659013,1059673855,813316610,930563599,557103674,929851838,1305105044,766107326,341624292,1069879871,


445350397,1190029190,365079629,598030118,845297176,1129286712,1065370713,426632277,1181087396,943963101,354811292,1162025076,998745682,1207065804,960434074,656568037,339912895,1252690284,953164448,593300218,1020672255,352756960,1356797776,969006400,284839126,1013570643,


673087999,271622318,838801348,900583364,756312494,749937378,986382641,1181748976,931859229,576793173,1195153480,1030467087,406499400,924478214,187034301,474181526,1084899126,898507930,1004781250,396894895,347147451,1126178514,752495601,692580987,700059722,195756240,


723026685,993359253,994610073,657276205,505648396,1221611858,891390613,862979047,1345877520,717528283,923210071,1175600062,1439626538,671456862,868765481,875043453,896413801,481520942,1124245140,546047606,1072319798,1150057836,732637631,1140064328,896005820,996174787,


321848317,873723439,1103097548,1219096494,676070225,665801154,660593154,514839218,417863433,908318349,542339209,1029605452,696615771,892211936,999213863,1323875480,959301757,426057864,951322816,934498376,861063945,413036234,1013705358,855090442,1081531174,801807743,


218694397,973026561,844495651,1024121845,1301926818,1187285136,1192192188,1060817565,950822213,366211001,1028952899,1108044108,1146757844,301211291,778113759,900476538,862661522,547457400,216599161,397983029,976828398,278296187,904618390,744391388,384915756,533767077,


545488383,1025929279,683133317,735293741,1318878664,314465606,1011655457,1236875020,944943100,1126350898,782052873,1094075184,1023180603,295950656,831602001,592454912,933364577,816660116,1255450832,1096120996,593598545,564152249,501274342,876898427,904475275,685381855,


1069317375,473306409,1190833408,685572523,1057745531,1443685896,1155166888,819924904,1059885817,645175199,488928070,1126322486,602973408,1009761788,841788122,836477509,739329753,829583903,1041870664,1171210418,673381920,1250912290,1205728888,991308125,254499290,1104711382,


591002879,1073408791,1170198858,688587204,1277363124,335716164,303680370,963501565,1024013221,1138177544,1135477150,369669661,1146650166,425702555,1071569259,948969293,439320873,885659300,944011875,1414787426,1073002970,1203526966,862691856,907669733,504670609,1130234128,


680164350,727583536,657898004,1422663356,638233604,662335672,908521047,509038412,657242819,1096477228,657459022,629928336,1310229058,1128946942,1383075632,279958202,1138257954,965040298,1106687586,724681727,1164445216,1250597652,227919661,323661490,41204479,970670155,


711852799,802697279,1098192890,995271639,458979344,951524191,680146311,647270383,645317161,815446417,914087955,380159504,690833761,883776650,1019728977,978186663,871097361,769098760,504356721,382581921,993418934,755636653,493881241,962735465,263935428,595451995,


340754940,1033163636,749146492,1037172819,367789062,1115828672,184700249,972937491,1132280238,625529114,641798401,829831574,1183672454,682122234,961589313,1208967556,943434979,248020933,394456134,1106001626,1305871316,1049904461,773259055,1195609018,491023792,823922377,


359562494,989501752,595215620,234258305,1043169787,1129629974,502181132,918562798,690509524,434743664,950097304,746944624,846686539,1015149773,768626012,744752262,789550862,532886770,624527525,975558935,588856139,1191276432,1374990210,1482725068,355935261,716402131,


958430460,1063461548,1135049986,622936476,960460109,1098648646,1073289887,1506001506,887583827,727081602,1305628454,757223124,743174255,812703988,923561300,756500006,803052485,1003136406,367212480,1103687838,938736458,1336018624,545988799,1278403066,1128226726,856251522,


963674111,1026202794,597490525,199117318,1285139998,820365231,1233712398,444569620,1154993254,1001400939,957352769,904012142,854877799,968359574,345230949,846915679,804135222,674094049,1377702780,562448913,924008557,765406331,1055196632,137875533,445410440,1045848845,


595657472,839034572,832180100,1050752267,314650962,1083611180,1199643948,1005513498,949478579,779235349,516602047,83495847,926052088,469262299,705984045,1089641752,467465171,241872046,1091409936,279139550,1045750541,903768233,634604501,812185861,727999240,866711661,


938017789,923984865,587713125,1190202960,1044157860,618664837,1145549422,1457987400,1011002760,944415103,567501200,918852803,1041657582,384382903,602541476,1064230087,1065722470,500302901,687033565,908003054,651633295,1049042352,934778912,1214527796,894592338,828589837,


543130366,1006929019,293674717,693323649,487524242,890532795,1041791870,827202102,665379413,216857896,1190668282,692282935,1110006446,787215159,415056135,985919217,706712038,662827374,834795753,970173506,396724221,1398931334,1198463856,595663691,1222445956,811382543,


18809288,1023696211,716310759,1091030890,954596466,1237866134,746143906,902773347,769761099,965104794,1037250151,1255455354,500366543,421853994,952757098,867699517,611947811,769702985,683848778,759614219,906344007,1460419324,389819022,990364832,629219212,898538465,


129826303,963066975,834716344,473498708,825765632,1237681426,1245768098,607476671,686907564,1057159253,304813814,1453277766,480714944,1026562371,753597853,1167064792,714496031,769395941,728687571,1040127076,638924052,708367679,772210484,598968495,263890931,956746259,


355173118,198778310,944537961,1123925130,825935640,955674920,604082846,989006481,665186191,838605471,997214118,1015360665,529150751,672621894,1125290944,753213703,639503574,1346496966,537116191,817770154,703688600,648268687,915691474,789031836,668755289,1197152404,


865500670,373335290,1046714452,309539148,1043051529,280933313,1267891768,1015775813,867939951,1033201872,1091569378,399646982,662202557,637802453,716865064,786032298,682633677,1068256632,877521306,1126268978,869597242,546913335,571525654,1364970870,868667547,798793061,


424051453,166986010,480745265,1063220766,361168902,1048178222,1015112537,666621064,724322067,392235139,676253897,1005477749,1224599236,533956321,82235276,916447990,505262312,1283525712,1355989104,771002122,854096736,1213777152,367701494,1031001724,552384943,1245783092,


741965054,741923486,898481691,392272660,927041137,1213799222,869326061,514473751,493267281,300377294,712739830,655819395,1184931894,656389202,945247334,837508084,468245762,1464662000,544674733,823232068,738210468,547563633,1182928292,420660598,1105301742,1244145264,


507543806,1097736028,451921299,1062559317,804134665,1131937218,454609670,942321124,1005902373,944975789,558787488,211589849,207259177,835352120,1046569094,340419221,1501565330,703563750,553169499,155189289,1279175586,985792685,882136512,815594983,847171019,618005861,


915143679,1031340741,976876312,958669351,815295966,704398232,409342696,697154563,706313161,879216457,797603460,1329921316,926436715,573726081,485837505,486391244,1358000494,151105857,514546920,1250448156,600602121,737687774,373680313,961474868,991607262,668297753,


149061117,1333345008,958373939,1236298628,1172184008,967908326,812758319,633033577,742085831,949633578,839686628,949718601,1084135628,765927623,271724996,692293303,795974422,735087748,1042106411,883251458,1161476250,1159354914,266318379,1007110903,710695945,416758349,


949879804,1079696228,909309978,642843317,850637132,599388331,218705743,1447111376,860629671,1219692992,775033971,938788059,1021843338,235611271,565706255,1103091716,773898781,1183226604,638918011,310114721,1209042402,641030997,919533974,1412469660,893426560,1461941166,


91456245,622822261,1116919640,674915092,1412693878,885925888,862039416,661763449,1018663554,788623732,536755692,324620117,936832323,1334215090,1124631966,1361250862,1000860881,649684286,1193504174,658938222,560152903,1098560714,682046827,851157831,1046376629,1213141354,


567934719,837966933,858386967,582517849,579322537,664723401,1148839488,843220700,593925243,1048172727,1023275374,920956774,755002952,609487048,778150364,949182959,1168466008,842145809,585970554,655988873,1093599376,580785649,603407351,443446956,958700595,532015870,


594935039,972919499,1136424926,928958022,174769159,328481370,930090606,1342950778,809103532,933080778,502489288,1221658974,617184896,507376654,976479967,920510143,1002600363,806011981,542505928,1121802378,1322035472,670740349,1140002050,1327295124,560165798,131787811,


530120703,1076912918,771054384,1256833950,479293616,657410432,671556373,381639129,392675147,507492537,765498450,535375995,1152258102,680034485,1053679763,950509954,610645835,834159705,790823265,126342572,1206446474,953520143,774299269,1013413373,702201990,940149747,


15139525,1096189568,1248423676,408298852,992800283,828506156,1155480848,444889276,741968595,499821247,1075138630,820121656,1114550356,278402192,1187737296,496495860,48364036,1028304297,132157491,1127574368,1128160106,967855077,750879050,796776993,1339713776,395684854,


564036608,1083301838,566809664,1048571125,308704749,1165640882,1016427705,654931630,919802098,553333211,751607929,1068556392,456210448,488457780,601771602,1070814272,1383208678,1342916104,1027965481,815716848,614719231,284444884,13916874,520659720,1000556709,1123738034,


421101566,752277803,1298489204,340605982,1208759656,1025876394,131771125,550590908,150907295,793612605,1041401067,1118279024,1142697660,547015620,1432897734,560796109,1175049322,760409793,1032227328,710791285,276361465,416699510,833753423,422478701,648413089,1029132913,


448102911,482852514,491520802,1107248052,743046985,841208139,1111058730,585544184,825346656,722389329,1087693414,302474786,1229938476,471177384,1136762052,979272826,783905892,649391464,1466692412,528230424,529034223,921150806,949115325,537196672,844195341,596775160,


571636990,694352558,718228633,866313282,902291602,536909232,973259626,1345163364,790057791,864858651,1215044728,815778670,653525626,864567622,948499064,491739098,870399968,560963196,613392251,719067345,1005152256,691603159,912312167,365752299,814187961,718311263,


390201344,1262242060,468857776,914335026,884030567,1029906220,652950835,608282253,1245472594,537236216,473164105,1149326774,662611528,750764754,314619108,1331403364,577876863,707811125,1190292846,1225943620,1025067970,908723761,978707775,600608856,981162688,993012684,


555613184,1106481228,345108957,844756527,1103764470,902595794,876346949,997480861,507840992,887976633,702872332,843004236,1004842835,956397758,244307392,674227287,840079309,514216851,1108648988,576459897,1021566251,380957402,874368395,476656706,163003855,1212904640,


1049166847,941749467,1469921006,865723899,527250554,998753018,1044587425,1027747835,363979038,1033446209,1235707966,1209371986,1157765270,594819766,687775678,614168819,811431273,952228060,562241837,872612272,1040421490,156925257,910155904,862589467,488323265,624051143,


393018621,493626338,562470132,1515050298,528517539,899827136,1015478507,423363458,1065336266,921171493,876269564,1087629296,538976124,1410373382,819172761,377793355,855317821,824045202,951858484,281688700,901560202,975871415,740449587,959374571,1307419382,1120673016,


874216705,864442978,686000956,1028327381,921565222,904879901,46195512,881642741,905894502,893742291,682875677,1155170746,712871091,951314845,294558607,577688823,1369276992,1117862246,995668211,757634274,1019581600,1069681481,1022907307,982707194,1133100266,1048649477,


1018822142,781040151,556541207,1092935552,824800710,824181875,481224312,881330833,652654049,1049363626,1121141652,602603540,1374535816,788931736,711921895,908458843,876556509,757517669,228792863,786975775,1006577988,1199218592,546117394,878344945,1430196454,1011576353,


917863677,834635252,613339140,513997272,644306010,1184392632,687156002,570369105,617267298,1081519186,1092893600,1367330116,101947288,637283255,911141839,808362439,1225026322,272892285,176001744,915406519,967396385,772097220,577174249,936888294,892009455,841490468,


672989183,1068349386,1028504409,645529737,375628629,1039368134,790190222,1239250176,107180205,1237861140,884697427,544533550,826840362,833970183,993913594,1344281288,643701646,435297795,1331789032,696595319,1103413378,1095616302,1040768515,851965345,1189519508,1122764924,


1068466686,273302568,1087157306,1365218878,499128655,782517964,1037998050,453194420,941494922,355994525,1145677110,573999140,720063142,723837852,908637881,866363473,873276292,1181393964,523727790,791149357,690827793,467074290,1022741801,1019507639,1092607330,671461509,


534545149,809494708,653698671,618470930,1053313107,745581760,983385626,1265242908,839284491,1199092878,1033772089,726795761,250321522,527866248,1216144532,745094661,924141321,1300790600,410048665,809226179,931198955,644693125,764705421,905759827,1034347377,994043481,


668695807,613295450,1144265774,853890949,629512025,1265546752,485642340,1377274200,887829542,1269758036,383916888,1015824743,1074629758,976434395,1075689026,954451212,538170954,1279365194,455789435,1040804931,802278688,772165528,1019236233,953264410,979232694,1164560106,


494896127,315652428,856175565,816789946,690372798,1312256116,1269653378,969005268,892659987,1197250874,321599936,1126131452,482061030,824383703,1239271964,1048190015,1099556358,552804836,638416179,784479540,213202936,1265315798,1218521606,946930464,1458790916,543259793,


948830209,1047436902,706361401,861265825,958507561,898955553,1168035216,302635555,1169350838,1080351742,1078361414,752732292,1042590437,789012049,1325805532,484079113,273745119,863516549,284646549,489131829,876052433,931559605,881519048,598121263,973283752,1075457938,


32898288,280649267,520354894,992835638,1184850070,840888503,1126324500,241540194,971359914,295705759,1011347878,780436015,621987832,1281885300,862635965,847273666,1200894228,824555398,1046190726,1249078962,328953851,398553000,1112803468,897832617,1057104177,1268341126,


790070270,1070667750,624284682,1259780108,1164287772,1195798820,707277034,1213897502,1296354184,818678289,977190616,972917932,1127661718,1073416152,980811396,738388798,736274797,773605180,1007505799,756310443,72803166,609815637,897307161,742085740,1002753289,454294490,


1034781695,1060053650,286661558,480891320,698420416,1047058689,1121681008,1047329264,1056326894,368987817,570859791,1367567242,904719563,1149477446,868589527,1023980429,1236758646,925209097,850278083,923848879,217338640,745880604,1120729444,886693070,666401990,600770565,


711392256,933037251,1002383853,1019668627,188078186,627617581,482871959,978195656,653382039,1169537158,1050213876,570900253,925082951,1200410810,996097454,1097708914,851687326,1044139578,1133462276,633732388,777796402,753712534,649098305,1071275468,677896498,1130639308,


701234687,535321524,1032322452,897824155,400909654,436367532,1004014951,946652083,866044446,1024908035,1071064479,955712219,782896765,642170935,890140897,352500808,1371050938,766370539,616374898,1267422582,848704616,922033173,879671167,1130368158,475139938,537876707,


973832959,1390467948,1043229846,1046256519,902242973,1003938265,311148923,323444926,328332757,397480561,671991639,839413350,1359957720,460956662,1038849615,1085444926,792829910,983927961,884614848,801632318,715782795,795233939,426604617,1010614899,894382974,1043923801,


253885694,948976788,870868646,1211448276,764227523,438009925,706159727,819376561,1081685958,981843970,538337729,1117890648,575027957,933490197,1143052332,893007378,756105637,1031744503,335274063,1000061699,1164762512,980166027,1001637730,468350302,384756512,454678691,


792002045,595555926,298948431,1400194136,747147741,583305197,822860607,901808070,1090213452,1199860282,217836734,396292767,318724811,1068959368,1258748436,588621892,206210609,698326447,512959743,611938644,1215697112,768973028,341950432,1296488858,757727790,895324295,


33096426,887164621,780714133,682819221,685739430,201415927,316897913,584730023,1163304718,537309689,584685827,701275886,564217014,1180318110,349051418,831605137,255593991,840826114,618660620,800220401,1106869726,858617748,1047682220,636590387,945546996,914957956,


789774590,1118624656,853235497,614958418,598165408,1322238862,556257687,1097126286,1123808356,1320078442,506381527,1015359613,1248244082,555257322,702730684,1118028534,898792911,1147203606,993277591,1065159220,675405253,935817412,1396772176,726896462,1050785167,201138904,


107447036,376520489,736869255,881868249,164162427,400182684,1056874619,579870041,555387398,277848507,604984165,1080863576,524264034,801121319,1235240370,932566910,988768644,678451357,1169907400,1136669450,885893949,618139802,830138805,758914629,817392260,645467079,


89228028,769038839,738423531,976338243,935114870,811857299,506583723,671531439,802325204,631996921,1124723884,807616355,581650410,1008950249,258187437,851456029,1131475590,854014090,1102339642,417154392,985136926,1062643976,1278473172,554292329,771333338,684131912,


806027264,1031389481,790984921,403475564,891557013,1016529942,961042862,745430042,760177459,1046402606,472816352,493706980,296407181,1244378522,1169806082,885993050,757449358,992364592,373453855,989768938,1067684425,326035905,770105352,903659250,642295169,1124852186,


991264255,716042137,745143485,941973137,524967764,182552613,1169819220,667761718,768425865,945659631,1012213348,541419178,1025241816,875652391,637606428,978846673,1082254258,592757990,430236290,819970742,742134759,988351942,1358592356,961616807,1087356164,1119884112,


593592318,743736068,410837953,632225947,1087778528,881722847,550180270,483799671,716594148,712746410,688832722,988262795,562642974,1132550712,969969826,1307524770,1389098686,1126858374,926692281,901816188,831339900,387054580,472897542,727880661,1088598800,1432520132,


1072333569,1025112308,913941404,373623124,393138012,1341222612,601228601,805472558,585663327,521824232,1238030044,148578061,179157211,822329786,939481016,852089119,955507678,1155964058,788330256,899420476,1090557926,701552427,591538639,751060709,1189798484,986405853,


907936511,903431973,966863748,866428975,657459440,866210300,1141695942,1050998447,844181597,979472629,908025285,66052583,816910120,1250848544,226535082,534439119,926973174,1059751668,415430798,1266823378,263374483,687595022,779033913,735042141,1428702012,387181948,


652017664,1137603856,484030557,990925613,858459493,406377266,1455170620,503755975,1181647606,1057286282,1167598774,989749859,1253025668,928986171,836811025,1118945578,1091059688,588365886,361936383,730271828,590167088,1035819502,1133726946,1063568887,528162262,533762664,


747012861,865270942,1057092355,394501433,671316102,1372505406,1043223888,370006540,803399427,679859080,720377030,401356795,1018723945,1135787916,720735962,961809247,738163680,932447286,524750694,892946285,964032721,416570354,1190589704,286265362,1124379538,863544184,


825656317,618881534,357428483,783734177,946068093,1136262088,680828733,273884404,666193176,1179491410,998502880,971402745,1143406554,1023479948,462441499,1107448430,837195879,1111464908,1080322170,874403308,806814537,841855222,1116069706,488644375,617796772,538401672,


59114234,962140482,1111150264,329213407,1426713140,387475050,795388378,852697963,985593931,810017919,1239109468,1103933032,782087554,553552109,1131000348,293908487,411578393,445275230,372125091,565589713,628767253,550512553,798940653,439710032,892958824,1356363308,


547519742,758630614,1003825024,1294877914,481212631,676642569,1109021746,776515961,752880456,657416223,470838164,1061735873,519955470,410229709,938063510,780715589,1075656918,354436762,274645823,452349778,864363612,503393151,465576104,1019128827,807871056,1110432518,


873858047,551019924,571716584,816857011,431133304,1029239206,232167511,750845341,950257856,964067007,1478914004,144529414,887661574,1259160960,509468846,785267241,1102283864,1091101916,453834145,1098479322,1099077658,843859136,867956745,734527570,1090987942,786503064,


588252160,539854625,915624605,968436594,280659876,460354766,1068008519,734085408,1277276694,777216801,753576812,1369575338,1070923713,642905547,1020694491,826049917,835620223,489387806,804879978,637038737,731241885,284559749,978493208,846795183,481149282,262453880,


80281599,986232524,871659576,1323669660,556998271,1226809870,834408365,473085622,1278112076,1127730100,495561594,797596989,523627714,1309605442,721212624,1079374678,902912473,1047189242,1201976960,971674999,1248028434,528789058,235121326,1149129830,1284436648,980512236,


57344505,856038869,916608462,1192706530,1031372644,1222322990,925596422,1071183177,750963066,202449900,922410489,458471293,1260114808,879862186,1315914260,1051548199,1201497872,1107356054,921971166,345370118,928997143,1144376448,1222689036,494413271,425725845,1040835692,


590413054,853371022,646219208,936246252,659911009,731148999,618106880,381542053,905652669,470515354,413521222,697626516,943830401,634481148,940061159,764478326,1115746426,1111463050,758523473,520091603,909793779,1064476409,1031099519,392206596,1244638476,1201767460,


162921467,772379715,912638186,1025255419,752056359,120987869,1177974572,793457081,1154546310,819174911,700296012,920700917,741354385,444304151,1094028916,481348331,1329649040,1235551892,1216503426,769746723,704551308,810550652,366757124,898548512,371631562,1478326408,


667386878,543009382,555648284,999623041,801891754,815505235,553078453,174180633,615521884,1129252272,725407884,633351313,651785593,588857453,1013643925,937174746,32839487,1433534636,812864560,1106666602,1300469908,942075452,1144222630,1128896070,963276361,1281800430,


838368255,1110671788,1003721433,738775471,1026693677,1183817290,373983545,1047996393,1231908244,560457607,854170454,1236172908,602975795,639369705,1167639730,209749199,499399445,733845180,1001796387,1272510236,915012170,514859197,1477165454,574119465,915635342,1189961538,


362283518,978569177,910453669,1095110610,448796636,1268422336,367660721,704139391,530730073,666025947,1478249742,1027098448,582253369,714817046,376297513,1267364644,373670057,574443398,52612123,546650942,1002605573,1027434271,763112020,589836695,1016634523,576739923,