192644094,760541804,839271526,237233350,477553379,972543527,856270926,834950717,1354337978,1047536230,322762571,1028494673,315194440,807855529,304723831,937629630,1302424384,689073022,891145755,643067469,154829053,1040492660,825537529,699083679,243995316,1021455755,


508165118,1040357713,431245775,401147935,224879084,521129551,906600520,971223807,396287868,1051245392,626004648,1174859070,1019034010,1037426253,934474587,1083385996,268340727,771545523,1260604980,923993689,1079357930,918611292,1112168252,1373428074,297574033,337269498,


918586110,938470588,954963073,82554097,1085052490,1317615846,1273357518,613711437,933554851,1045538307,1100769436,717243877,313829463,1233789760,1316013330,335781832,255462156,446470773,582422157,1195661598,436827591,883147213,1179507514,583269237,856008084,362630156,


507804926,669944239,757923823,1108235866,854565424,881571235,1021089396,634814632,1050468698,1299948934,988770252,954760864,994531297,791901250,1021170423,437262824,828219509,799774436,1020667248,445706353,1200254310,738564119,954836082,1202661074,974511377,609201633,


191300347,346378765,720197654,100523860,933272798,467974572,823587211,560044645,1145615400,1471395778,1318331996,1204628338,1188476628,654879445,988972150,531941997,616309403,270580390,1049912668,801666272,964542519,1195459620,1337846436,1037799998,918431678,752505809,


697695744,809335029,128503229,1159361892,229955976,1040695480,1028836913,1356305716,1037765483,1083811466,542130662,1286369032,476036494,907835872,678734546,668427036,918125740,1199216762,779806742,1174013698,888780504,911361598,236605391,993983007,1077175626,804594874,


932609277,276765274,932529610,458528252,684445504,685080864,858910342,1078660372,546962482,570970194,114800432,944814399,1020529922,843492909,1149420300,363920469,1009644090,595850284,937848454,557359114,1082992002,883815882,600633518,620273072,581002681,548557253,


50528765,320312514,1048684150,506132305,937277965,549713858,900647862,496930828,1276889088,506582495,555904396,537803153,770337260,548090245,597990463,865461817,987424764,820029000,1177371530,412415181,273063044,641629742,568860645,740522878,134162452,674046745,


159907067,876188099,1112814250,663091603,1077070704,1073999100,1254074910,817666446,717796162,1079820698,908095391,592013756,1226180230,1439613578,696717982,720908030,765526214,1013252502,996451719,894357556,917804060,622305663,483408574,1190660898,1240985396,619089276,


552666111,254143335,263643622,934534986,575776420,826064148,961452534,464072592,981797497,768603769,686670404,841769567,452520938,1019255881,636049901,269297372,638111504,985559234,745108423,924129641,304354243,1258016158,1007397755,510438603,819682475,542367225,


333118717,1046492838,1016059979,482830118,971773193,981513423,1170156548,708109301,1347887804,73039453,772041660,1159411580,846004127,1151328904,1201777344,1042896373,799865646,164181277,1173679384,444652336,947117146,429782742,969497677,791642596,705632181,974310522,


235044093,1001291001,1148504322,700849147,794274420,1068064407,1341821964,589008039,561329327,1076963742,598281338,663906109,721819347,712442044,926431291,684890955,810133186,414821479,902867410,615467000,1146475900,472859747,669001231,946474059,1083609448,1143421622,


587170815,611361056,1115930798,1488718120,505264623,649188061,932281807,565717810,398053301,1220255380,1031222717,1211059692,1122963468,585440191,620860146,1072104963,295062850,602117892,756174298,56743334,1119870676,631164766,287501270,1404265384,889713875,830993349,


202440189,1248175752,730343358,1258588218,646850637,1171242946,1005974219,963917672,706333132,1168206356,1146770658,931258749,641451307,183423450,1070152040,539403225,480196825,1403634246,571579372,936741781,493450789,981982380,1186781368,1056437725,1043945198,547433258,


489095168,544101163,742265568,350329002,1039325208,853552110,1378434762,586190384,1277010210,1013440944,1131009246,164069621,755874076,561345664,1172053028,830729789,520162245,364034826,849636216,758673095,1344037838,491384619,844186477,751001991,1081483524,520350810,


66519798,425240888,414423688,746529217,759272253,466103545,1080266954,686233682,352860521,669940725,272215801,749224559,1187340374,640978749,216998251,1243983882,1328870480,986243010,326374662,425253423,1397727360,863392759,947614171,987292354,1194659230,1393284460,


1056146174,1106030488,571649143,280082846,387847574,1049430307,981727437,917230112,469058719,532422556,585145052,558000366,762198125,808259668,882952928,879570981,922869153,269183733,643160541,1085934410,1098166062,1063059097,232700691,1104148372,829493162,430506060,


1060568320,847382531,898982101,62962550,756960533,437898777,843628309,274871949,1483596780,1253656548,1123418162,273399288,1021761189,79932389,406261617,648299137,796316795,248411465,688261573,756314104,1163623934,609395278,377082437,1411272328,925420245,819062271,


998735102,1218564604,743894005,395701445,1118637672,968223312,1292919828,322867266,1218968200,261670041,525750031,983979090,668760925,1137496254,615351077,1068510894,1042386888,980594796,423752345,532719536,294559894,1147156672,1000220200,1219110744,598613798,189502174,


485686270,847244181,586591759,505669410,908050603,1101016420,1211792000,918297718,806074081,1294727486,1002028656,681205588,683294952,652350242,727993513,1173368314,666432836,961790508,1183150398,464041779,713062660,531269566,835400687,411640897,886016398,338442203,


82738427,806213941,998799702,1074740900,390163386,504250256,1006269718,1079874658,1420616494,1170428596,594202021,1296051524,604170524,1115014882,763702608,973267949,1056144781,872890396,1069188359,1079637822,1103623012,202963600,756154976,506739639,911371219,1270846040,


322338044,199135522,702630893,1264782946,588721910,1059759376,879411328,670465428,146359129,679459111,1181297804,1064125987,1079255034,1086417224,190214082,633620101,887278696,1235193628,606898867,579373583,1274825840,676758210,248917811,885294719,528006789,859557330,


891616254,519108183,789518784,971322480,1229984182,493922506,581829602,545721133,472466180,933341401,940271920,992134517,743418432,915773408,591360568,1069602615,291807799,1026647080,259367796,1239082770,1056415448,868684178,1124124154,519904049,1019189488,61310740,


724763391,1189186252,720905704,872421601,927228048,1192502450,1184922160,1055936866,585875202,182290766,522943798,725317666,492650853,1391848106,257845542,821204185,743553538,455121696,691185620,364817803,1194541612,879991337,353910042,1056037818,1105380404,1087603596,


902265855,562255957,536226435,209990240,761897737,841766181,425135703,201317322,622489147,300926361,718289243,442358312,173022828,221525668,422794421,534839881,739154645,183717900,1252603368,1052510093,1432577124,612699302,1003689750,824866848,1443652470,343226281,


297827326,941563895,889034918,1080956020,349214161,989878621,835205867,513280574,825470494,655171956,887438193,698528399,1360432698,577173938,1157117100,690702522,456045173,751542581,1079229248,998223409,1195092722,454818872,1254105518,1186592630,1271981548,685872698,


992836864,703415146,588779577,655602104,699189692,945397133,712420311,1019577670,360027150,818544305,789092948,810414794,873323419,1007604259,985045380,775174231,1139529368,691742517,806876866,610963885,1218477688,558688433,1223783946,482149801,782842226,407351881,


679346685,797379223,1035487012,1158453510,500390545,500347708,633954524,309027865,1432421672,324998931,535731006,353842225,948154902,184610631,1030658981,625301525,545143084,918472903,1066508432,244407305,1403801188,762322278,1236275790,874491996,1169468096,540104651,


361268224,982910544,1335786612,818183662,489064091,153903604,960859740,868636665,797434430,1020014631,757302304,1128146956,948334857,924099933,850379686,536418736,287200515,758499009,834989877,1209797188,1053969126,1000624565,1036585086,424765685,169771194,611936746,


675644414,813151211,895066113,327693775,1262904726,947952716,700653742,227137848,616735214,479066011,1056878148,619239783,846394753,229317071,1011738731,888757623,1169988952,732590315,769061313,772915975,997218708,1417125362,950298004,813393740,368896735,522045003,


681212926,947109676,229934986,418209265,1126422754,892850307,1386146788,357410401,1380479840,1121288308,308900663,1439252546,845631429,1049751750,698719332,867265626,518992434,749935478,1043438866,815117229,1125636268,438559647,902358710,675301147,1061860842,1214612726,


349963006,1085046352,818658202,920337669,623629359,783283199,713090300,1094280214,850228419,813007451,788068384,150631648,993742788,258636501,909043499,529990385,1059424358,1440527618,730919082,1036541588,1010965689,669994759,562409369,1337895678,623344415,844789026,


577242111,1090296332,433075177,1163535028,1037005332,466280690,228609732,526399903,1039001225,912793476,806912950,967902212,1055913469,558240794,1172585688,897100428,1021067065,447546362,853023585,890414293,349005520,468223818,420707409,884557177,1030115666,397842737,


216794107,697087888,1199287624,1002954987,966161593,805546977,692473807,791940471,963256186,497786050,879012316,687136451,1020677416,384368673,1062753814,1127536972,958148134,804389097,242455305,1279809988,1010954347,617710388,882790893,810936137,296126335,442927359,


340262912,163618791,974094120,583820367,1189342052,892145765,1074402028,204441907,416620690,1194839540,560336585,251565166,946535510,1080110550,1042303391,157781087,860252899,609360537,1227319538,937273171,802322841,1057028043,1073594133,887549417,90002595,160547363,


248840955,1001860143,658770653,1129942478,972564792,1002720303,735287281,815163096,76855484,360040534,763757447,499976817,524954989,755793117,1144531100,732269900,530716726,554698823,1135045292,535649750,590482796,811980407,996141445,683628480,887330733,855910244,


624132608,801004404,948626525,1101784416,447515629,647163190,890979133,804322953,683326427,822717754,809120070,1222128580,160197366,1175909506,306219781,663270076,1158163236,800284869,637243324,762922654,890829239,832126136,693444506,1302823234,977813308,480788846,


1048444928,336402930,466764831,521121600,539501173,988668476,1170833326,158555179,1136755390,917667606,977192587,988358001,730395412,976802207,902845684,121789130,988465497,832514311,1032676991,639151342,960810583,218042625,884351268,764564921,84097997,365507192,


136281343,883297839,983540891,1078126962,580559562,548941598,1157752950,1097133058,1018015956,66604311,852901787,909870795,1067506645,899413485,1037425614,538777306,320442941,621310364,1044407257,807433255,336546280,1262219318,365357898,896429406,1033507690,990589206,


145719292,857331104,1213565678,1027994067,1340774884,239001494,191807302,179887390,851800852,728901761,1416017668,618957426,777360369,501990890,739920911,733898618,984999399,716110724,907941612,271757519,332966152,829902589,827588671,527040918,557627621,316707295,


733215998,926640532,793593902,429861144,696634278,571907203,653733170,881149318,1433988118,1094172410,1185810026,1016744978,1233700926,1217854786,876835006,1453013226,394918198,556374179,952657181,1079964532,1057172746,1035937894,864331400,900239587,775392278,649072806,


325222910,876479680,97331517,1488685600,518711684,521554163,824522921,543910930,842068733,1095040620,1015277314,1056488961,736977777,793835729,691263919,667925560,338592759,946292039,190981574,909317713,767502239,257942681,671131100,1035828976,915054061,899439538,


139526143,655296286,611351777,179921183,448851411,1283098948,1243892906,97003209,1074909080,541261205,717454380,953699104,594817948,851505933,800925707,369797229,698384742,439465039,685584006,897101394,1253483224,622982066,494929567,999425052,851246661,118306729,


763200511,992343252,1027578628,1111396696,629724217,1009188682,842746776,991694386,51238842,343684580,1265138984,1129572168,812603335,664318686,1041417701,1216218834,339002730,394302965,696487556,644912540,576503934,632592394,1182625706,280557017,1058580160,341518839,


572031487,1174959194,1318323580,1194961378,320743411,358127481,728084055,842375753,810309776,990460840,777412720,454646377,895362125,950822292,498500592,539804357,958118369,938271755,1250520818,86390419,737715699,996688577,1202888838,794793864,831295679,611275882,


76808191,964006183,679486792,1174514170,119212001,634397380,332591774,379740959,841840085,786778839,852869685,381703735,1031086619,257133818,1212247660,652647746,533432712,799580954,1173063022,1080806426,251830550,732554473,781126012,512031393,1221143654,539182563,


780664063,1082747604,1026859610,804210030,1142008576,910189678,869819701,1389685518,606916320,818909531,1032498854,991406697,971850098,737292648,851374464,719595599,1196377086,220468446,1046939315,763897893,912832668,1031930138,1114683092,952366505,725688076,1114932812,


979500289,724632033,560096876,1345531880,1072492991,834666636,1224006368,577894108,376715795,938630789,596324738,736615033,784227892,985710601,1245746068,738519082,997379926,919919702,907018751,1331329538,851102775,662712561,230854334,309844411,265540804,368787889,


201096444,414996855,1159614694,922501127,1072536725,1143540956,889154138,435650772,576789640,468330353,413744533,713353908,780718858,811249507,1144481764,402100011,916559023,950835028,710707770,918474945,748334252,1038465164,1123528378,997810375,944980093,1011581661,


480969214,853099542,1043360189,1088155492,639225796,859266203,1214338408,1087776660,1034447051,892883237,977627816,1289651312,1197318752,908105941,1012382492,1018157613,872134473,400016860,1196891498,433358502,829382750,1104944810,1120639160,838325270,208003959,275787935,


984710143,1142505602,627599574,608009932,462557041,1246253890,1428404288,444847119,887397075,910237265,824462947,204432805,989871242,1029357177,819246157,296484186,661833580,844380223,790901982,670161279,558014061,932936688,159657465,768351089,434121302,654660883,


704052480,1226130556,896278742,1146591652,1292002982,717080028,1039887343,671968001,1309860138,714123643,450035287,1012867580,1076360582,679292032,1364683074,780866102,1048582825,871345216,1111615260,444813207,496837318,721929818,740179913,692619079,693381795,498896262,


240614400,291240675,707349707,721925126,1019725526,1046052267,893332142,313955832,505768428,463849328,1120698584,490810759,276092866,634135581,1122528570,401145465,671653122,223643229,856670148,1018410819,870023162,692346654,1212995876,319400740,1104470452,488559606,


246775035,1221571958,985322258,925440046,696405654,1073250692,628516690,936195284,109434857,836788328,908579573,520192158,748006200,582994118,1034519301,625339789,1023121346,763553776,706881718,714334988,688925826,774477687,608930574,1041142061,880419275,1242092834,


469860861,879690664,910969737,531092558,1173763954,1030207918,1013307458,1092097702,765005729,886999566,654133369,1043597830,791978962,972712551,390971520,560376953,1108836682,480798541,692991380,1075545480,445418906,1039916578,108757381,650272011,823988290,778501235,


664928256,750865301,419554019,1196525412,640964739,724726461,999182177,391768221,1124850086,776552834,662854672,1032372451,232639775,980001621,898908698,233647834,904442884,879410425,770270678,452150391,559906087,649944132,1327008230,444860111,1026455655,1033197637,


732332798,674830439,1035606743,1116878846,398986905,785420957,651463134,581233929,1131960362,978585109,1083437704,884212632,1029817432,1067552693,771778085,467722550,571170703,988781657,1075063412,693405264,671943909,276439323,1002331016,742218335,999770927,949048852,


9927892,114032941,858486245,460644609,1016644774,747800496,583219618,725582304,981009146,892879005,985579212,1422551638,518979924,1185653798,1219474186,967862294,1140676684,914352633,425089887,223763821,797418376,1282573278,1270456836,1017124303,1004499795,1100660378,


769688062,315955920,1023261337,649669787,972289694,387106709,825946992,220135384,715229199,1022823926,808276691,724058740,561283185,742844325,828993838,870836594,706524240,1050629571,1313118462,814378122,550654265,1108726446,663270361,519767858,449131746,865050389,


1059521278,1177102176,977314087,1292417584,1308979490,639673367,1050628308,1023514967,1163427132,1271694946,545447226,1084871796,849818800,771875755,623379304,1053925013,546291133,961039196,805610468,1345334186,505729152,711700668,803373866,539796068,1322578020,928366268,


172917757,306163774,1330266518,1150615540,192143449,1028975901,1347246882,321646628,419069901,475934793,747219871,1053454453,1129449614,1382754246,1422819926,455827880,697910657,787929093,905600728,1161745910,998279198,556775083,101137358,114395317,227788839,613954098,


565444095,438548515,701330376,1062188164,475526221,689177811,1157102504,1456591262,916132723,987795807,722587505,521073707,83141669,852877535,712109687,721060861,755399557,990614964,924901272,1066669327,894296641,586155720,128397860,977712856,958482547,407802124,


1015545853,799343141,439546978,239574603,882461738,681434075,763343311,118330678,840564121,215244164,584918285,367371864,1247416840,1146019408,1002848777,369084616,817871705,310670122,1216595108,736065687,700757373,1230555744,1221678802,923493978,401174724,252272070,


578683646,544226860,1017324224,749061919,1044024187,910806208,940825667,1026494545,978227621,980739721,945409708,534689809,952738100,800887506,518756294,307960539,1069858079,547018669,951768645,745837753,382943531,684104417,256780719,901619735,1322695960,777750697,


423396095,785179183,1049960069,888865077,924778075,764677664,880393696,1018788451,1086213264,1081297028,105334661,929621112,496474530,1166793542,1133618272,1099315312,583612052,989057313,466443906,490751763,904491415,518633111,709503603,504623251,1247103898,812298743,